1.527532996696275177e+03
5.875719665068278555e+05
2.629053831130814160e+03
4.302759347145726679e+03
1.174930135177798184e+04
1.369676608242550537e+04
8.662770762463243273e+02
1.523097751715517461e+03
6.908991354388389254e+02
8.168454760309908306e+04
1.757272208111165128e+03
2.204477581395629386e+03
6.010681181357347668e+03
5.402140197076321783e+03
1.516317138650910465e+03
3.970104664860302819e+03
4.741500627394292451e+02
1.007092274886517203e+03
3.701538506337903527e+03
3.393857574783260134e+02
6.186606795772360783e+03
6.666676804823287057e+03
6.808172790088390229e+02
2.856085335820921500e+03
1.641018970323903659e+03
2.893293582543790308e+03
2.596204593984175517e+03
5.259419713967900861e+03
2.078432092758535248e+02
2.042130788524633999e+03
2.633713656960217122e+03
2.375544653132511030e+03
7.046192104470255799e+02
1.643713003950596203e+02
5.816200207507143205e+03
1.583900634516206537e+03
5.517305406216742085e+03
5.309606537573349669e+02
1.778423387854395514e+03
1.623291132115673690e+03
5.377108999797193292e+02
1.674234279764680878e+03
1.698975427197504757e+02
6.237801674924848157e+03
4.458565453067938051e+02
7.491427714906252504e+02
2.635523414176626375e+03
5.958429401444117502e+03
7.608733671700847481e+02
1.825977978450109049e+03
4.208534809024948800e+02
3.134953490125614621e+02
1.432483082781868234e+03
3.425072176708533789e+02
1.036224896765186941e+03
1.053161699797637084e+03
2.427804382014020575e+03
6.845892631021754823e+03
2.605813576271773400e+03
2.045166132642657658e+03
4.228566314941647761e+03
1.372614187057585013e+02
3.011678006337131592e+03
6.284046696819673343e+03
7.260379914743392874e+03
1.338210888189680645e+03
7.844381089142849669e+05
1.559381754474027957e+03
3.510079730739657862e+03
5.353258642302617773e+03
1.797373898917392580e+03
6.934905571060050534e+03
1.608985469004939887e+03
5.575527689283843756e+03
1.006566513129375089e+05
1.235210817372879774e+03
5.063857688537329523e+03
9.123045829843546016e+03
3.623366397111404222e+05
1.926385760168113848e+04
1.747808287749073315e+03
3.566356449705563864e+04
1.343143125163988407e+04
1.239309788943073727e+03
3.292603649698761728e+03
1.278288187919840084e+03
3.573464781284470973e+03
9.168054986025490507e+02
2.650811660244312407e+03
1.565949175612031286e+04
3.789831881582773576e+02
7.580917173033839163e+02
9.004608347152474380e+03
2.651933750168389906e+03
2.009347811031197352e+03
6.805473235211260317e+02
2.657545050216454911e+03
1.323493649615051027e+02
5.855238664182726325e+02
3.482946682578954551e+03
1.520042362726242800e+03
4.081670337075247517e+03
6.211568053612202220e+02
1.237850430962469773e+03
2.504911200370799997e+04
2.596584854101476594e+03
2.404012058654585417e+03
2.010131732631354453e+03
3.635400849552343061e+03
3.130080379924870158e+03
1.722040567358224143e+04
2.038433051826775227e+03
5.096329183976768945e+03
1.905036312813363111e+03
1.063796275289172081e+04
3.771613097494242538e+03
1.014678246353096370e+03
2.942117847271233131e+03
1.583862732473271990e+03
2.677030385494437269e+03
4.890277936826325345e+02
1.423272795310654910e+05
8.388391484667399709e+02
3.651441868004136722e+03
3.150958701664417731e+03
2.185454328867153890e+03
4.046130565652254063e+03
1.379036274927019804e+04
8.958837915127002134e+02
3.142403805534251660e+03
2.849491924222609214e+03
4.322752259227408103e+03
6.316799808555812888e+03
1.363268512925969389e+03
3.711310320586859234e+03
8.755797792794151974e+03
1.245353549188185025e+04
2.753938499337338362e+04
4.917754710615618023e+03
1.880047160383264554e+03
1.033900751104776828e+04
3.675283935999726964e+03
1.966173563113017963e+03
1.380041042990296773e+03
5.691574701308585645e+03
1.613901448534626297e+03
1.219600074908351871e+03
1.875958997966033394e+03
1.932732531510050649e+03
1.201336349493114085e+03
7.212520131500569732e+03
5.963853890964924176e+02
1.081774154402207387e+03
2.552317387851981948e+03
1.613280058195074844e+03
3.600966241335110226e+03
1.412216416285009927e+03
8.734873009373735840e+03
5.779052528165487274e+03
4.778922656839264164e+03
2.520512659458051985e+03
1.995333332936719898e+03
4.456888064286550616e+03
2.101271291019312685e+03
1.660459973262484482e+03
3.269185590419265282e+03
8.967993399321699144e+02
8.981003560267441799e+02
3.281612339827980577e+03
1.665638733745019408e+03
8.402245505337108398e+02
5.075887152920088738e+03
7.328947878915575529e+03
1.793919199262291158e+03
3.204746045378699364e+03
1.548541424618356587e+03
2.402056480602655938e+03
1.143775340205877910e+04
4.589360290628667826e+03
2.178832864272348161e+03
4.719206181096429646e+03
2.650874864779480504e+03
1.701655071810528534e+04
1.819958421051923551e+03
9.850882068547933841e+02
2.945955914655632114e+03
4.646020109238254008e+03
1.685839136309288051e+03
3.625052722848695339e+03
3.343267780532645702e+03
1.837139232421089673e+03
6.895622360185566322e+03
2.152931606018608818e+03
8.530957798381849670e+02
3.673734501276923311e+03
2.114370633236404956e+03
1.331098503747442464e+03
2.022695163223396321e+03
5.767622682577141859e+03
7.269837759544875553e+03
2.106355566790192825e+03
2.993306675109026855e+03
3.661594593912571781e+03
2.008235491847818821e+03
3.625202599342034318e+03
1.813007030879053673e+03
3.657440594847524153e+03
2.197811316747832279e+03
2.555486068261706805e+03
7.859334576075001451e+02
2.373112025756612638e+04
1.122241045534381010e+04
5.777723812558521786e+03
1.277226956703221003e+04
1.188618832253993023e+05
2.960658708244719719e+02
4.445820193695820990e+02
5.308840245486279855e+03
1.013469472716696032e+03
1.367556920624490886e+03
2.993531321745129389e+03
1.160525311512528788e+03
7.788896775301855087e+03
5.577510516046085286e+03
1.524681394290863136e+04
2.390344615906899435e+03
3.964538548081739009e+03
1.612077985945935070e+05
1.228738999894023436e+03
3.295360417210894866e+03
1.696380344450935081e+04
1.647491408373851073e+03
2.632948558991254686e+03
3.948712816277144157e+03
9.863155237611097618e+03
8.504260851816724198e+02
4.622457821932006482e+03
2.160167032435102101e+03
4.204008382251507101e+03
3.374200536364992877e+04
5.712534088657747816e+03
3.270714865593087779e+03
2.022380130665771958e+03
4.588277385538211092e+03
1.858397113804460332e+03
4.518860790927396010e+03
4.470555853719039078e+03
7.713744852148404789e+03
8.529243043534931985e+02
9.173507169086038630e+03
6.360086604956316478e+03
3.550230473532666565e+03
1.179985403922799924e+04
6.878868228689943862e+03
2.297523514554006852e+03
5.010572171393226199e+03
2.470670101966620223e+03
9.593521438210082124e+03
1.823323685261529363e+03
5.360367292983287371e+03
1.522664268103164659e+03
3.735781863596486073e+04
6.328061462887904781e+03
5.501083315429334107e+03
2.408610775277261382e+03
1.674119455120447810e+03
4.490747871676679097e+03
4.021804204012071295e+03
6.743236511936554052e+03
2.534976766409059792e+02
6.937232106799061512e+03
6.170666694516777170e+03
6.608566290681337705e+02
3.401966301279249365e+03
7.934635663807945093e+04
1.063772497168314840e+04
1.059195920113702186e+03
1.617590818797901738e+04
2.581790983554062677e+03
2.752035618360488570e+03
2.672172569689108059e+03
5.407485007508726994e+03
5.832168863483172572e+03
5.149138547481968999e+03
1.440016621900617338e+03
1.513829485595639380e+04
2.598053428517138855e+03
4.988222053567739749e+03
2.686184270175561323e+03
2.416764190514589245e+03
2.469639204070407432e+05
1.069095469026819956e+04
3.290873329761804598e+03
1.286126299738903617e+04
8.176029671399866857e+03
2.106946366734514013e+05
4.332036032923783750e+03
4.899866605611239720e+03
3.113592743915868141e+03
1.222737171341001158e+03
3.433284158563433721e+03
3.156767643331376121e+02
4.679333662802316212e+03
8.695270905894900352e+03
4.707458088542376572e+03
5.658080821793259929e+02
2.319845446749038729e+03
3.757327205161333950e+03
2.237785624572703910e+03
3.265700303658831672e+03
2.107414679469447492e+03
9.650927510287496261e+03
3.011351582924421109e+03
2.157690810596260781e+04
4.619719502712829126e+03
4.136122593762535871e+03
1.770302980094692975e+04
8.069316661873498560e+03
1.697042545500374763e+04
1.052333739902113848e+04
5.501800286846634663e+03
2.993752472820123330e+03
5.014614766667189542e+03
7.756338213568958054e+03
3.276487494170892387e+04
9.031337489933755933e+03
7.943358762798478665e+02
5.550259307535871812e+03
1.682719413831103157e+04
6.383714795334331939e+03
8.223673237951792544e+03
8.245979080530452848e+03
2.735137350952285942e+03
3.492450730121804099e+03
4.567205027721603074e+03
4.784835940227142601e+03
1.049199057232974283e+07
5.237810073803634623e+03
3.160945244634034225e+03
6.652584133472308167e+03
8.474379444058229637e+03
9.254996407878456921e+02
5.762308550364746225e+03
1.285992259603591037e+03
4.629530430081486884e+03
1.502017673514921080e+04
3.928452799422033877e+03
1.150569055003191170e+04
3.776518626726248385e+03
1.259276494251739678e+03
1.074637649564302774e+04
2.625302194016256635e+03
6.589027852633706971e+03
2.210517456014894378e+03
5.077833775289074765e+03
2.359364191671419121e+03
8.957768795682326527e+03
1.067356276492781581e+04
7.126252654942527442e+03
8.851303465495151613e+03
1.335324322351525097e+03
5.520713581970295309e+03
7.232344104014457116e+03
3.081893892140065873e+04
1.297375511648644533e+04
1.504611926211287255e+03
3.788907493066305960e+03
1.084190436097885595e+03
7.585793992750774123e+03
3.981085184278648285e+03
3.159338849592541010e+03
9.268910656505923953e+02
9.877964268700938192e+03
7.042677905877812918e+03
7.686085840680458205e+03
9.848099198667622431e+02
7.106528716274082399e+03
4.096953716123835875e+03
4.888071334507207212e+03
1.584975041786362090e+04
2.875851215357858564e+03
2.792000231984393758e+04
5.486438993348559961e+03
5.458080766744428729e+03
4.059120881730987094e+03
6.195659099182887076e+03
2.064858545992006839e+03
1.572546813652255878e+04
3.841417927363710078e+03
2.462749971090433519e+03
3.871329849192450183e+03
1.319035348657130962e+05
6.831564590169948133e+03
1.939011477687259685e+03
6.228060853157106976e+03
1.519443707923848478e+03
3.582881100294053340e+03
5.160021102128651364e+03
4.309098927513872695e+03
1.842314723530801530e+03
7.158324261537806706e+03
9.792534720207734154e+02
5.136115801844875023e+03
9.554698464259117827e+03
1.935763025599913090e+04
1.750914277565988414e+03
8.374586842920631170e+03
2.757842213718688981e+03
2.724449725816552927e+03
5.738222093700397636e+03
2.006200909742499562e+03
4.337544384293255462e+03
6.484675398825566845e+03
4.403697200445577437e+03
4.567677206170984391e+03
1.553329239696565537e+03
3.402030916932890705e+03
9.177950244425741403e+03
6.699451115881128317e+03
2.452982508373181190e+03
2.002503727844281457e+03
2.288908153597924411e+03
2.334181058804032091e+03
5.518938671010553662e+03
3.889642764072531918e+03
2.087732856395166436e+03
9.374263551899788581e+03
1.733195300492043998e+03
1.310776613203644501e+03
4.575779727154011198e+03
5.439198867571350092e+03
6.329924382468310796e+03
8.021470928843615184e+03
4.193995514085802824e+03
3.379532544966409660e+03
6.259212886770546902e+03
1.759952602873026080e+03
1.615069529394659867e+03
3.208340796567860707e+03
3.823274932087179423e+03
5.291155343415126481e+03
5.752873189205524795e+03
4.909138831175241648e+03
2.437632136631891171e+03
4.671511561986045308e+03
3.920371457649436252e+03
3.544299065166161654e+03
1.086911802926142627e+03
3.020185182369320046e+03
2.753068465535144242e+03
5.539230427077217428e+03
5.336305819832490670e+03
2.406380442287589631e+03
4.056263570846666425e+03
2.776368899968997084e+03
3.115875838429468331e+03
3.528964125392065398e+03
5.828995474696058409e+03
3.547815811913575544e+03
2.460327518623156266e+03
2.784033041156630588e+03
1.732446388341873899e+03
6.887286334100236672e+03
2.284169525402329327e+03
1.259177899213699493e+04
4.521056956881468977e+03
6.162612366660107909e+03
5.956346428906377696e+03
3.819437479606319812e+03
3.974322620345305040e+03
3.977072910582752684e+03
5.217247917087847782e+03
1.977526163297830408e+03
3.749709484718389376e+03
8.317322821065598646e+02
4.427517037528305991e+03
3.112235243650297434e+03
4.562444219926177539e+03
7.147733397514344688e+03
1.281358685223737120e+04
6.741303950928567247e+03
3.637545201296918549e+03
2.371454554710310549e+04
1.309528469109094840e+04
5.771347977862566950e+03
2.500220265425200523e+03
6.495084120757112032e+03
7.339879901929357402e+03
4.484865954891002730e+03
3.689233378970173817e+03
2.682723181641170231e+04
3.674190093111070382e+03
1.109329119736209759e+04
1.828569724477626323e+03
6.312037052128951473e+03
2.981541941960002077e+03
1.762948282493024180e+03
6.409955281104539608e+03
1.380942223442508657e+04
6.248102142132482186e+03
6.724637555738997435e+03
1.581252182440646175e+04
2.161758344638802555e+03
9.766717271866054944e+02
2.649558440788795906e+03
5.290257825173450328e+03
5.550301442276600028e+03
1.287048957723430431e+04
5.576386348367800565e+03
1.923683718795932145e+04
7.943226898859288667e+03
4.141352904686817965e+03
8.140688699423676553e+03
5.539736195178297748e+03
1.607504344050993041e+03
2.977073549088066102e+03
3.150224831355767947e+03
2.061259972850785289e+03
3.839617341081030190e+03
6.915176921689927440e+03
6.529599694250991888e+03
1.016137749490421243e+03
3.190555338391633541e+03
4.018532556947226985e+05
2.834955680862526151e+03
1.038680375313051481e+05
4.851486968321285531e+03
7.150965666312300527e+03
7.057253565670093849e+03
3.659940329270749771e+03
3.098031231869428211e+03
8.069522167981112943e+03
3.888906453104049433e+03
1.195686932281647614e+03
2.616468825741773799e+03
1.318504865555214201e+04
8.151418176774583117e+03
3.704101712554670030e+03
5.263907785632251034e+03
1.828666578602892969e+03
9.366684690267100450e+03
9.787104495833405235e+04
5.826590844193755402e+03
6.920366860690728572e+03
2.480738281703461780e+03
7.676541578589159144e+03
6.535638271650965180e+03
2.267090342771445194e+03
1.185363178444538244e+04
1.765552823571179488e+03
3.277954958389787862e+03
5.329757505028934247e+03
2.002715258880564761e+03
3.129593265805688588e+03
3.835794681365834549e+03
1.684515813231225366e+03
2.133690497544068876e+03
2.443585801578192331e+03
5.144412771878901367e+03
2.553412464375987383e+03
1.667929332299563976e+04
1.191807298406163909e+03
3.717496373888654489e+03
2.396333876481434345e+04
5.630595794522582764e+03
6.541648647912253182e+03
3.493010053264037651e+03
8.786424602388491621e+03
3.270694904794332615e+03
1.609839550289813587e+03
4.223648895684552372e+03
5.100370982594854468e+03
2.607487482091070433e+03
1.169601905623604762e+04
5.435288938862301620e+03
4.377183849227252722e+03
2.324739401923936839e+03
2.654892974636495346e+05
2.108539212161662363e+03
8.469108130117909923e+02
2.684853259759340290e+03
1.061412063424637608e+03
9.911192324279716559e+03
1.774455382135775380e+03
1.884986052829688560e+04
1.533493063774523307e+03
4.562745967179226682e+03
2.614475289639913171e+03
1.276008458805463306e+04
1.858064214056037372e+03
3.350404341738785661e+03
6.776116931807770925e+03
3.859635906627967870e+03
2.352688178848527969e+03
8.350440476257597766e+03
2.896858988283051531e+03
3.371610853121115360e+04
1.875055264680864411e+03
8.893113672164990567e+04
4.864276350266845839e+03
4.258229850621512014e+03
5.198268955177851240e+03
4.123023888441938652e+03
2.458847561186886651e+03
2.733062111537249166e+03
7.106604410960272617e+03
3.808167900571732844e+03
1.329557664703283763e+03
2.534027767048476562e+03
1.157796003611808828e+03
3.961920400132229133e+03
1.298705193870007861e+03
3.271763567691759818e+03
4.450111907652899390e+03
3.197950842128572731e+03
5.173898464049842914e+03
6.923934502329154384e+03
6.543731260946608927e+03
2.496436883862057130e+03
9.282844498087723650e+02
3.485753053490865113e+03
1.166165080006943526e+03
4.759478673674103447e+03
2.126080474768265958e+03
2.171661716186632475e+03
3.043580435902867976e+03
3.009211802755951794e+03
4.621820804960011628e+03
1.033279345242439149e+03
2.343449737707305758e+03
1.515934165902816403e+03
4.174162152564761527e+03
1.508151842177535173e+03
2.510746551441526663e+03
2.537574005397365909e+03
7.197901091911560798e+03
2.380903710181630686e+03
4.624830701074793069e+03
1.309322110528128178e+03
2.865378471456781881e+03
4.915954998005939160e+03
4.970202328395072072e+03
1.159933696804280225e+04
7.109760363825883360e+03
1.256566225627872655e+03
3.798331911162944380e+03
7.065597485543279618e+03
5.484642867221109555e+03
2.050372957270736606e+03
1.871013397886303437e+03
2.036197557693049021e+03
4.322218417225767553e+03
2.779235030029509653e+04
5.685255841848264936e+03
3.397789464300353302e+03
2.228096683101492090e+03
2.250997021725427203e+03
2.820489791079050519e+03
4.603736365473674596e+03
1.022451962723176926e+06
9.451020134712360232e+03
5.755627553915632234e+03
1.258493145922606891e+04
2.427223014948516720e+03
1.700886779906142465e+03
4.354350972961201478e+03
2.028953328398032909e+03
2.570682220942616368e+03
4.165118110338771658e+04
4.993425067541993485e+03
3.607305441943959067e+03
4.574766135516042596e+03
5.637424559058630621e+03
3.415161531480163831e+03
1.870628265804355351e+03
1.931399478018911395e+03
6.226948971608175270e+03
4.611567241007171106e+03
1.860206314805336433e+03
5.530146118077273968e+03
1.443933889669276141e+03
3.440225896680532969e+03
7.172343949804420845e+03
4.975284417975486576e+03
1.551134319124646254e+03
1.658493544402411135e+04
2.315772564652333131e+03
7.681155110492935592e+02
1.663179622524268552e+03
1.425943558808749685e+03
4.794950014703585111e+03
5.349955909226547192e+03
3.674688818881535099e+03
1.809916461718328264e+03
8.371089045389382591e+03
3.330132287003995771e+03
5.364168400489591477e+03
2.515019805460373846e+03
3.903637276899482913e+03
2.400688493609592570e+03
8.268110929411352117e+03
8.582612260767935368e+03
3.743443382042380108e+03
1.428978286860221715e+03
2.023412859817795379e+03
2.328806602923346418e+03
5.869265526575668446e+03
5.556601044674985133e+03
5.703279640637685588e+03
3.298967992548318307e+03
4.199844696254106566e+03
4.280846455873540435e+03
1.603411150283903680e+03
1.966513495914532314e+03
3.538554927826153744e+03
3.341204836687618808e+03
4.893236134221639077e+03
4.467054908067600081e+03
3.361823133025944117e+03
4.433117498999193231e+03
3.039402614547189387e+03
3.017808789115505988e+03
6.639040508295828431e+02
3.662813764692576115e+03
4.503127076168888379e+03
2.822928758439262310e+04
8.295858392992024164e+03
6.013908247366421165e+03
5.910054356384355742e+03
1.786413186104074612e+03
5.029208696045415309e+03
2.645562540415342028e+03
1.455658382598036042e+04
3.851109344803215663e+03
9.047221800597201309e+02
3.111082559995952579e+03
1.470460716992301968e+03
3.328585512236839349e+03
5.869858045698355454e+03
1.838274303568417736e+03
7.375546044567463468e+03
5.702147730280643373e+03
3.782373070683100650e+03
1.828833062041443327e+03
3.676463527497214727e+03
1.512743255767280789e+04
3.400463452515440167e+03
3.146588653819093906e+03
5.628321476371458630e+03
1.636196203059796972e+03
6.703959077907481515e+03
6.313731138320895298e+03
5.813667881936746198e+03
2.820446007008556080e+03
2.771422139898237219e+03
3.916950592071078518e+03
2.473693191448441212e+03
5.954360967405377778e+03
2.994942259050148095e+03
6.761598722785715654e+04
1.161571860586522780e+04
3.179224631480629341e+03
2.801006841773355063e+03
3.993010574933578027e+03
3.399729578681491603e+03
1.346631928911585646e+03
2.754514224226812075e+03
3.847274203407836012e+03
3.359896307806375262e+03
9.405271758119204605e+03
1.730440686488273514e+03
2.257642945285461792e+03
2.720456934103906406e+03
3.454418215854532718e+03
6.554839754361834821e+03
2.169874048908140594e+03
2.038512366617357475e+04
3.853526688745424963e+03
2.482047233145765858e+03
3.349592822536870244e+03
1.945559424652422240e+04
8.258205368607941637e+03
1.824969814285840130e+03
1.242069998878170554e+04
2.441817677780501253e+04
2.899589251370628972e+03
6.285218494589040347e+03
6.037028012750721246e+03
1.347555712742921969e+04
2.857527055048376042e+03
2.180142813756221130e+03
3.153077969369786388e+03
1.543596173332995704e+03
5.638465039671030354e+03
4.128150742019504833e+03
2.341465706739220423e+03
5.402358350067550418e+03
4.829635078318256092e+03
1.408202471039574903e+03
9.307145328436061391e+03
1.309414410828150949e+03
1.440563571289613947e+03
4.121939128553374758e+03
6.252179229476931141e+03
5.539680704176370455e+03
1.302848136444004012e+03
4.309922048850063220e+03
4.233636710108778061e+03
2.513018075139642406e+03
2.435124384069957614e+03
4.986009106239868743e+03
5.032905855890043313e+03
3.891878260429621605e+03
2.924111534431069595e+04
2.052448306772729666e+03
2.349297866010478629e+03
2.601351551465982539e+03
5.910791369187248165e+03
3.410625043783478759e+03
1.260073081977057336e+04
1.998316205206281211e+03
1.694389698422033462e+03
6.327537259231568896e+03
6.086243242743556948e+03
4.554646258878075969e+03
1.258353889354039893e+03
2.304165599910416859e+03
2.130019153601236667e+03
5.216102433692659361e+03
5.161909977368153704e+03
8.402012234943931617e+03
1.105008270291426697e+03
2.258250899100083643e+03
2.212965192051064605e+03
2.280319432973190032e+03
3.952847361155968429e+03
4.861013750061853898e+03
1.084577303586848757e+03
2.420815316129511302e+03
3.457397826113287920e+03
4.660850620199975310e+03
1.103476612107128676e+04
4.171442245656107843e+03
7.718260640761242030e+03
1.539092041007237867e+03
5.084701380374745895e+03
2.950872527276249912e+03
2.537380070259262538e+03
1.704535503796739476e+03
3.286124799538064053e+03
7.572983057807317891e+03
2.049651107582521945e+03
4.282080784302651591e+04
1.024628268874328751e+04
1.720130548638931486e+03
4.680335801871657168e+03
3.948285260579010355e+03
3.864127952024090519e+03
1.375037921963921008e+03
3.731841595632582994e+03
4.310530134064886624e+03
2.329609427691522342e+03
4.686103179597063900e+03
1.871985732534183398e+03
3.767500220803186039e+03
8.343466205963160292e+02
5.337907508373312339e+03
5.351458950157611071e+03
1.824092475448383539e+03
1.000402056543423100e+03
3.746864964582853190e+03
2.944618616325686617e+03
6.474214372685441776e+04
3.107685224352507794e+04
3.055676570595149315e+03
2.811882231213702198e+03
5.798649592637188107e+03
3.275110355435218025e+03
4.903255738381119954e+03
7.597478332852824678e+03
4.897762745693241413e+03
5.876702508973916338e+03
1.778855617521447584e+03
6.762577439790802600e+03
2.945525386592711129e+03
3.978587582054037739e+03
3.089880336269699001e+03
6.048670256648727445e+03
5.874156396006714203e+03
3.785656713944051717e+03
1.981369549247326859e+03
1.571531312468752276e+03
2.921056265924355102e+03
9.213463233276081155e+03
1.709304866834390396e+03
3.819786468109357429e+03
3.438701585540847645e+03
3.406744531670080050e+03
2.645041241299350513e+05
5.727470992210655822e+03
2.533182991102618416e+03
6.254637669792757151e+03
2.506901456622753358e+03
2.911642749225150055e+03
6.915565247486366388e+03
3.717247525669807146e+03
4.335656678460432886e+03
3.327839580285237025e+04
2.731218153624522984e+03
4.480943432956013567e+03
7.791650517290077005e+03
6.269826309729884997e+03
2.301853390707619383e+03
1.308156959684845333e+03
4.382571653786167190e+03
2.766402736695009935e+03
3.815088443634112991e+03
1.622381597398309168e+04
4.121387285332083593e+03
3.016719340926332734e+03
4.842835956039325538e+03
3.136408121341297374e+03
2.220575551348391400e+03
4.232699095886901887e+03
6.098496514454966928e+03
2.261392406864421446e+03
3.122410345066959508e+03
3.299179134823139975e+03
2.521336771508931633e+03
2.750295411314064950e+03
1.952374525118498696e+03
2.165310522348925588e+03
2.034145426106400919e+03
1.970440638434869243e+03
3.312926964631513329e+03
2.353634090275450944e+03
6.631593267364471103e+03
7.902721744661012053e+03
3.708904077168197546e+03
2.461494705994535707e+03
3.691706446048854559e+03
3.941130142724447069e+03
3.288034205262287742e+03
3.086407989576364344e+04
1.852240491093803257e+03
6.939229909212010625e+02
3.737673189115884725e+03
2.348964774210777705e+03
5.477774811887185024e+03
1.189783454893540465e+03
3.185123121370374520e+03
4.004686658399875796e+03
1.283638882678067603e+03
5.227042310838774938e+03
4.630151302979746106e+03
9.857825917918441974e+02
3.181751418274648131e+03
3.395545302176759378e+03
1.952828804759836430e+03
4.069064255199566560e+03
5.998243884647361483e+03
6.949925006418280645e+03
8.220862050145418834e+03
3.187392621474875341e+03
2.825295585919904170e+03
1.313355314759645580e+03
5.542195423311995910e+03
3.407719179541085396e+03
1.415512548035617328e+04
6.768968301968011656e+04
2.246260323509391583e+03
4.394597746873078904e+03
2.068737825119326226e+04
6.587222209249825937e+03
2.227861905118621962e+03
3.569007732910180039e+03
5.003028557581038513e+03
4.743904633240527801e+03
3.833868759268154918e+03
1.837094037841042564e+03
6.325558074884577763e+03
1.466060343996553456e+03
2.628925150572710663e+03
1.348300048899619696e+03
2.688754763857591570e+03
8.926736011262088368e+02
6.052673216563564893e+03
2.123812886473386698e+03
4.889776292534724234e+03
3.027707642975629369e+03
1.754685444043363987e+03
3.019536826180870776e+03
4.528194761133628162e+03
1.381258196418855277e+03
1.357310860245195727e+03
2.156145871462934338e+03
2.939431872731462136e+03
1.011108927390810823e+04
3.749237561532432665e+03
3.202675723507967632e+03
